n = 2, M = [[1, 1], [0, 1]]



NAIWNY

Wynik: 2
Czas 9.909001164487563e-06 6458774.092122101
--------------------

DYNAMICZNY

Wynik: 2
Czas 6.451000444940291e-06 1240117.7256582945
--------------------

CZULY

Wynik: 2
Czas 3.6199999158270657e-06 4419889.605534552



--------------------



n = 3, M = [[0, 1, 0], [0, 1, 1], [0, 0, 1]]



NAIWNY

Wynik: 2
Czas 2.560199936851859e-05 2499804.7644160707
--------------------

DYNAMICZNY

Wynik: 2
Czas 7.892000212450512e-06 1013684.716756483
--------------------

CZULY

Wynik: 2
Czas 4.176999937044457e-06 3830500.4168425268



--------------------



n = 4, M = [[1, 0, 0, 0], [0, 1, 0, 0], [1, 0, 1, 1], [1, 0, 0, 0]]



NAIWNY

Wynik: 2
Czas 6.966900036786683e-05 918629.5147349132
--------------------

DYNAMICZNY

Wynik: 2
Czas 1.1874000847456045e-05 673740.8985206503
--------------------

CZULY

Wynik: 2
Czas 5.648000296787359e-06 2832861.040942396



--------------------



n = 5, M = [[0, 1, 1, 0, 0], [1, 1, 1, 0, 0], [0, 1, 1, 0, 1], [1, 1, 0, 1, 0], [1, 1, 0, 0, 0]]



NAIWNY

Wynik: 6
Czas 0.00016743399828555994 382240.1701884197
--------------------

DYNAMICZNY

Wynik: 6
Czas 2.1752000975538976e-05 367782.25640005857
--------------------

CZULY

Wynik: 6
Czas 1.6170999515452422e-05 989425.5444575939



--------------------



n = 6, M = [[0, 0, 1, 1, 0, 0], [0, 1, 0, 1, 1, 1], [0, 1, 1, 1, 1, 1], [0, 1, 1, 0, 0, 1], [0, 1, 1, 1, 1, 0], [0, 0, 0, 1, 1, 0]]



NAIWNY

Wynik: 6
Czas 0.00038752200089220423 165151.91357561832
--------------------

DYNAMICZNY

Wynik: 6
Czas 2.943599974969402e-05 271776.05884043936
--------------------

CZULY

Wynik: 6
Czas 1.5899000572972e-05 1006352.564525326



--------------------



n = 7, M = [[0, 0, 0, 1, 1, 0, 1], [1, 1, 1, 0, 0, 0, 1], [1, 0, 0, 0, 1, 1, 0], [1, 1, 0, 1, 1, 1, 0], [0, 1, 0, 0, 1, 0, 0], [1, 1, 0, 0, 1, 0, 0], [1, 0, 1, 1, 1, 0, 0]]



NAIWNY

Wynik: 5
Czas 0.0008280589991045417 77289.17875321594
--------------------

DYNAMICZNY

Wynik: 5
Czas 4.393800008983817e-05 182074.74130917972
--------------------

CZULY

Wynik: 5
Czas 1.9097000404144637e-05 837827.9133579275



--------------------



n = 8, M = [[0, 1, 0, 0, 0, 1, 0, 0], [0, 1, 1, 1, 1, 0, 0, 1], [0, 1, 1, 1, 0, 1, 0, 0], [0, 1, 0, 1, 1, 1, 1, 0], [1, 0, 0, 0, 0, 1, 1, 0], [1, 1, 1, 0, 0, 1, 1, 0], [1, 0, 1, 1, 0, 0, 0, 0], [1, 0, 1, 0, 0, 0, 0, 0]]



NAIWNY

Wynik: 6
Czas 0.0012887810007669032 49659.32921257848
--------------------

DYNAMICZNY

Wynik: 6
Czas 5.432599937194027e-05 147259.14097278533
--------------------

CZULY

Wynik: 6
Czas 2.0399000277393498e-05 784352.1634602584



--------------------



n = 9, M = [[0, 0, 1, 0, 0, 0, 0, 1, 0], [1, 1, 0, 0, 1, 1, 0, 0, 0], [1, 0, 0, 1, 0, 0, 0, 0, 1], [1, 0, 0, 0, 1, 1, 0, 0, 1], [0, 0, 0, 0, 0, 1, 0, 1, 0], [1, 0, 0, 1, 1, 0, 1, 0, 1], [0, 1, 0, 1, 1, 0, 1, 1, 1], [0, 0, 1, 1, 0, 0, 0, 0, 0], [1, 1, 0, 1, 1, 0, 1, 0, 1]]



NAIWNY

Wynik: 4
Czas 0.0023732119989290368 26967.67083129589
--------------------

DYNAMICZNY

Wynik: 4
Czas 9.276499986299314e-05 86239.42232324037
--------------------

CZULY

Wynik: 4
Czas 2.354500065848697e-05 679549.7792535708



--------------------



n = 10, M = [[1, 0, 1, 1, 1, 0, 0, 0, 1, 0], [0, 0, 1, 1, 1, 1, 1, 0, 1, 1], [0, 0, 0, 0, 1, 0, 0, 1, 1, 0], [1, 1, 0, 1, 0, 0, 1, 1, 0, 1], [1, 1, 1, 1, 1, 1, 1, 0, 1, 0], [0, 0, 1, 0, 1, 0, 0, 0, 1, 0], [1, 0, 1, 1, 0, 0, 1, 1, 0, 0], [1, 0, 1, 0, 1, 1, 0, 0, 0, 1], [1, 0, 1, 0, 0, 1, 0, 0, 1, 0], [0, 0, 1, 0, 0, 1, 0, 0, 0, 1]]



NAIWNY

Wynik: 7
Czas 0.004625936000593356 13835.03792352313
--------------------

DYNAMICZNY

Wynik: 7
Czas 0.00019129599968437105 41820.00676020201
--------------------

CZULY

Wynik: 7
Czas 6.197500078997109e-05 258168.61308679724



--------------------



n = 11, M = [[0, 0, 1, 1, 1, 1, 1, 0, 1, 1, 1], [0, 0, 1, 0, 1, 1, 1, 1, 0, 0, 0], [1, 1, 1, 1, 0, 1, 0, 1, 0, 0, 1], [1, 0, 0, 0, 1, 0, 0, 1, 1, 1, 1], [0, 1, 1, 1, 0, 1, 1, 0, 1, 0, 1], [1, 1, 0, 0, 0, 1, 1, 0, 0, 1, 1], [1, 0, 0, 0, 1, 1, 1, 0, 1, 1, 0], [0, 0, 0, 1, 0, 0, 0, 0, 0, 1, 0], [1, 0, 0, 1, 1, 0, 1, 1, 0, 0, 0], [0, 1, 1, 1, 0, 1, 0, 1, 1, 0, 1], [0, 1, 1, 0, 1, 1, 1, 1, 1, 1, 1]]



NAIWNY

Wynik: 7
Czas 0.006740140999681898 9495.35032027082
--------------------

DYNAMICZNY

Wynik: 7
Czas 0.00013496899919118732 59272.870421657186
--------------------

CZULY

Wynik: 7
Czas 4.3698000808944926e-05 366149.4737472022



--------------------



n = 12, M = [[0, 0, 1, 0, 1, 0, 0, 1, 0, 0, 1, 0], [0, 0, 0, 0, 1, 0, 1, 0, 0, 0, 0, 0], [0, 1, 1, 0, 0, 1, 1, 1, 1, 0, 0, 1], [0, 0, 0, 1, 0, 0, 0, 0, 0, 0, 0, 0], [0, 0, 1, 1, 0, 1, 0, 1, 0, 1, 0, 0], [0, 1, 0, 0, 0, 1, 1, 1, 0, 0, 1, 1], [0, 0, 0, 1, 1, 0, 1, 0, 0, 1, 1, 0], [1, 0, 0, 1, 1, 1, 0, 1, 1, 0, 1, 1], [0, 1, 0, 1, 0, 1, 0, 0, 1, 0, 0, 1], [1, 1, 1, 0, 0, 0, 1, 1, 0, 1, 1, 0], [0, 1, 0, 1, 1, 1, 0, 1, 0, 0, 0, 1], [0, 0, 1, 0, 1, 0, 0, 1, 0, 0, 1, 0]]



NAIWNY

Wynik: 4
Czas 0.009665072999268887 6621.781336244566
--------------------

DYNAMICZNY

Wynik: 4
Czas 0.00016857099944900256 47457.74792905718
--------------------

CZULY

Wynik: 4
Czas 3.3602000257815234e-05 476162.1295529477



--------------------



n = 13, M = [[0, 1, 1, 0, 1, 0, 1, 0, 0, 0, 0, 1, 0], [0, 1, 0, 0, 0, 1, 1, 1, 0, 0, 0, 1, 0], [0, 0, 0, 1, 1, 0, 0, 0, 1, 0, 1, 0, 1], [1, 1, 1, 1, 0, 0, 0, 0, 0, 1, 1, 0, 0], [1, 0, 1, 0, 0, 0, 1, 0, 1, 1, 1, 0, 1], [1, 0, 1, 0, 0, 1, 1, 0, 1, 0, 1, 1, 1], [1, 1, 0, 1, 0, 0, 0, 0, 0, 1, 0, 0, 0], [0, 1, 1, 1, 1, 0, 0, 1, 0, 1, 0, 1, 0], [0, 0, 1, 1, 1, 0, 1, 1, 1, 1, 1, 0, 0], [1, 1, 0, 0, 0, 0, 1, 0, 0, 1, 1, 0, 0], [0, 1, 1, 0, 1, 1, 1, 0, 1, 0, 1, 0, 1], [1, 1, 0, 0, 1, 0, 1, 1, 1, 0, 0, 1, 1], [0, 0, 1, 1, 0, 1, 1, 1, 1, 0, 1, 1, 0]]



NAIWNY

Wynik: 6
Czas 0.018716982000114513 3419.3546801299717
--------------------

DYNAMICZNY

Wynik: 6
Czas 0.00040163000085158274 19918.83072239989
--------------------

CZULY

Wynik: 6
Czas 0.0001038290010910714 154099.52741398272



--------------------



n = 14, M = [[0, 0, 0, 0, 1, 0, 1, 1, 0, 1, 0, 0, 0, 0], [0, 1, 0, 0, 0, 0, 0, 0, 1, 0, 0, 0, 1, 0], [1, 1, 1, 0, 0, 1, 0, 1, 1, 0, 1, 0, 0, 1], [0, 0, 0, 0, 1, 1, 1, 1, 0, 1, 0, 0, 0, 1], [0, 0, 1, 0, 1, 0, 0, 1, 0, 0, 1, 1, 0, 0], [0, 0, 1, 0, 1, 1, 1, 1, 0, 0, 0, 0, 1, 1], [1, 1, 1, 1, 1, 0, 0, 0, 1, 0, 1, 0, 0, 0], [0, 0, 0, 0, 1, 1, 0, 1, 1, 0, 0, 1, 1, 0], [1, 0, 1, 1, 1, 1, 1, 0, 1, 0, 0, 1, 1, 1], [1, 1, 0, 1, 0, 0, 1, 1, 0, 1, 1, 0, 1, 1], [0, 0, 0, 1, 1, 0, 1, 0, 1, 0, 1, 0, 0, 0], [0, 0, 1, 1, 0, 1, 0, 1, 0, 0, 0, 1, 0, 1], [1, 0, 1, 1, 0, 0, 1, 0, 1, 0, 1, 1, 1, 0], [0, 1, 0, 0, 0, 0, 0, 0, 0, 0, 1, 1, 0, 0]]



NAIWNY

Wynik: 6
Czas 0.03885366000031354 1647.2064665074934
--------------------

DYNAMICZNY

Wynik: 6
Czas 0.00043476400060171727 18400.787528240446
--------------------

CZULY

Wynik: 6
Czas 0.00010197000119660515 156908.89293166628



--------------------



n = 15, M = [[1, 0, 0, 1, 0, 0, 0, 1, 1, 0, 1, 0, 0, 0, 1], [1, 0, 1, 0, 1, 0, 1, 1, 0, 0, 1, 0, 0, 0, 0], [0, 0, 0, 0, 0, 1, 0, 0, 0, 0, 1, 0, 1, 1, 1], [1, 1, 0, 0, 1, 0, 1, 0, 1, 1, 1, 0, 0, 0, 1], [1, 0, 0, 1, 1, 1, 0, 0, 1, 1, 0, 0, 0, 0, 1], [0, 1, 1, 1, 0, 0, 0, 1, 0, 1, 0, 0, 1, 1, 0], [1, 1, 0, 0, 1, 1, 1, 0, 0, 1, 1, 1, 1, 0, 0], [1, 0, 1, 0, 1, 1, 0, 0, 1, 0, 0, 0, 1, 0, 0], [0, 0, 0, 0, 1, 0, 0, 0, 0, 0, 1, 1, 1, 0, 1], [1, 1, 1, 1, 1, 0, 0, 0, 1, 0, 1, 1, 0, 1, 1], [0, 0, 0, 0, 0, 1, 1, 1, 0, 0, 1, 1, 0, 1, 1], [1, 0, 1, 0, 0, 0, 1, 0, 0, 1, 1, 1, 1, 0, 0], [1, 0, 1, 0, 0, 1, 0, 0, 1, 1, 0, 1, 0, 1, 1], [0, 1, 0, 0, 1, 1, 0, 1, 1, 0, 0, 1, 0, 1, 1], [0, 0, 1, 1, 0, 1, 1, 1, 1, 1, 0, 0, 0, 0, 0]]



NAIWNY

Wynik: 8
Czas 0.03999727299924416 1600.1090874672736
--------------------

DYNAMICZNY

Wynik: 8
Czas 0.0004204500000923872 19027.23272265936
--------------------

CZULY

Wynik: 8
Czas 0.00011273200107098091 141929.53063900385



--------------------



n = 3, M = [[1, 1, 1], [1, 1, 1], [1, 1, 1]]



NAIWNY

Wynik: 9
Czas 3.5801000194624066e-05 1787659.5528638426
--------------------

DYNAMICZNY

Wynik: 9
Czas 1.4556999303749762e-05 549563.8100318701
--------------------

CZULY

Wynik: 9
Czas 1.3963999663246796e-05 1145803.5223326415



--------------------



n = 3, M = [[0, 0, 0], [0, 0, 0], [0, 0, 0]]



NAIWNY

Wynik: 0
Czas 3.3799999073380604e-05 1893491.1761699896
--------------------

DYNAMICZNY

Wynik: 0
Czas 7.595999704790302e-06 1053185.9282399553
--------------------

CZULY

Wynik: 0
Czas 2.3769989638822153e-06 6731176.682495529



--------------------



